151|356|149|262|243|266|154|224|207|284|104|126|340|388|246|254|425|81|408|253|67|215|22|447
106|12|435|34|97|86|298|478|193|382|60|497|35|19|98|107|58|346|43|477|25|64|177|72|398
499|125|473|474|146|48|449|333|57|41|17|5|87|330|496|427|299|130|36|252|457|201|26|65|143|237
161|429|238|397|469|349|430|341|280|255|69|300|326|28|6|294|135|261|70|494|390|411|100|318
337|354|47|460|317|409|325|272|415|147|367|76|73|92|482|150|176|386|495|75|88|91|79|133|160|297
436|403|148|323|315|50|380|271|29|492|62|216|365|63|40|251|376|319|137|228|412
374|487|399|188|20|236|164|248|241|11|364|405|268|439|31|95|96|458|141|175|52|245|99|338|359
451|132|468|30|448|470|49|401|93|420|140|27|89|432|402|32|339|443|481|115|116|404|375|13|90
61|256|289|322|198|418|83|230|138|304|14|221|163|450|179|307|196|4|260|9|277|71|290
16|395|440|21|84|182|162|78|46|485|291|77|156|121|2|259|394|433|292|378|3|144|80|42|45
128|350|276|24|285|212|167|331|82|227|108|249|414|51|66|55|250|200|170|391|351|173|343|178|247|240|455
54|18|269|38|274|23|385|328|94|59|344|85|101|33|44|369|352|191|56|222|53|183|74|122|320
257|68|384|180|370|8|406|225|498|166|387|10|1|37|316|475|357|327|15|295|7|39|129
